100000000011
100000000101
100000000110
100000000111
100000001001
100000001010
100000001011
100000001100
100000001101
100000001110
100000001111
100000010001
100000010010
100000010011
100000010100
100000010101
100000010110
100000010111
100000011000
100000011001
100000011010
100000011011
100000011100
100000011101
100000011110
100000011111
100000100001
100000100010
100000100011
100000100100
100000100101
100000100110
100000100111
100000101000
100000101001
100000101010
100000101011
100000101100
100000101101
100000101110
100000101111
100000110000
100000110001
100000110010
100000110011
100000110100
100000110101
100000110110
100000110111
100000111000
100000111001
100000111010
100000111011
100000111100
100000111101
100000111110
100000111111
100001000010
100001000011
100001000100
100001000101
100001000110
100001000111
100001001000
100001001001
100001001010
100001001011
100001001100
100001001101
100001001110
100001001111
100001010001
100001010010
100001010011
100001010100
100001010101
100001010110
100001010111
100001011000
100001011001
100001011010
100001011011
100001011100
100001011101
100001011110
100001011111
100001100001
100001100010
100001100011
100001100100
100001100101
100001100110
100001100111
100001101000
100001101001
100001101010
100001101011
100001101100
100001101101
100001101110
100001101111
100001110001
100001110010
100001110011
100001110100
100001110101
100001110110
100001110111
100001111000
100001111001
100001111010
100001111011
100001111100
100001111101
100001111110
100001111111
100010001000
100010001001
100010001010
100010001011
100010001100
100010001101
100010001110
100010001111
100010010001
100010010010
100010010011
100010010100
100010010101
100010010110
100010010111
100010011001
100010011010
100010011011
100010011100
100010011101
100010011110
100010011111
100010100010
100010100011
100010100100
100010100101
100010100110
100010100111
100010101001
100010101010
100010101011
100010101100
100010101101
100010101110
100010101111
100010110001
100010110010
100010110011
100010110100
100010110101
100010110110
100010110111
100010111001
100010111010
100010111011
100010111100
100010111101
100010111110
100010111111
100011000110
100011000111
100011001001
100011001010
100011001011
100011001100
100011001101
100011001110
100011001111
100011010010
100011010011
100011010100
100011010101
100011010110
100011010111
100011011001
100011011010
100011011011
100011011100
100011011101
100011011110
100011011111
100011100011
100011100100
100011100101
100011100110
100011100111
100011101001
100011101010
100011101011
100011101100
100011101101
100011101110
100011101111
100011110010
100011110011
100011110100
100011110101
100011110110
100011110111
100011111001
100011111010
100011111011
100011111100
100011111101
100011111110
100011111111
100100100100
100100100101
100100100110
100100100111
100100101001
100100101010
100100101011
100100101101
100100101110
100100101111
100100110010
100100110011
100100110101
100100110110
100100110111
100100111001
100100111010
100100111011
100100111101
100100111110
100100111111
100101001010
100101001011
100101001101
100101001110
100101001111
100101010011
100101010101
100101010110
100101010111
100101011001
100101011010
100101011011
100101011101
100101011110
100101011111
100101100101
100101100110
100101100111
100101101001
100101101010
100101101011
100101101101
100101101110
100101101111
100101110011
100101110101
100101110110
100101110111
100101111001
100101111010
100101111011
100101111101
100101111110
100101111111
100110011001
100110011010
100110011011
100110011101
100110011110
100110011111
100110100110
100110100111
100110101010
100110101011
100110101101
100110101110
100110101111
100110110011
100110110101
100110110110
100110110111
100110111010
100110111011
100110111101
100110111110
100110111111
100111001110
100111001111
100111010101
100111010110
100111010111
100111011010
100111011011
100111011101
100111011110
100111011111
100111100111
100111101010
100111101011
100111101101
100111101110
100111101111
100111110101
100111110110
100111110111
100111111010
100111111011
100111111101
100111111110
100111111111
101010101010
101010101011
101010101101
101010101111
101010110101
101010110111
101010111011
101010111101
101010111111
101011010111
101011011011
101011011101
101011011111
101011101011
101011101101
101011101111
101011110111
101011111011
101011111101
101011111111
101101101101
101101101111
101101110111
101101111011
101101111111
101110111011
101110111111
101111011111
101111101111
101111111111